HighSchool	AICode	NumberOfTestTakers	SATCriticalReadingMean	SATMathMean	SATWritingMean	SATIINumberOfTestTakers SATIITotalTestsTaken	APNumberOfTestTakers APTotalTestsTaken APNumberOfHighScores	PSATSophomoreNumberOfTestTakers	PSATSophomoreCriticalReadingMean	PSATSophomoreMathMean	PSATSophomoreWritingSkillsMean	PSATJuniorNumberOfTestTakers PSATJuniorCriticalReadingMean	PSATJuniorMathMean	PSATJuniorWritingSkillsMean
A. C. Davis Senior High School	481601	148	456	460	441	10	31	0	0	0	28	50.6	51.9	45.7	129	41.2	44.7	38.6
A.G. West/Black Hills High School	480826	102	523	541	518	4	10	202	318	134	24	48.7	50.9	47.3	79	50.1	50.4	48.5
A01 High School	481351	2	0	0	0	0	0	0	0	0	0	0	0	0	0	0	0	0
Academy of Citizenship and Empowerment at Tyee Educ	481159	32	344	367	345	0	0	9	9	1	0	0	0	0	56	33.2	35.7	34.3
Aces High School	480384	10	346	346	349	0	0	0	0	0	0	0	0	0	0	0	0	0
Adna Middle/High School	480015	10	468	470	450	0	0	0	0	0	0	0	0	0	11	48.3	48.2	45.7
Almira0Coulee0Hartline High School	480020	11	445	450	442	0	0	14	15	4	0	0	0	0	21	42.2	44.3	37.8
Anacortes High School	480025	114	536	528	521	9	22	152	252	152	31	46.8	47.8	46.7	172	49.1	48.3	46.3
Arlington High School	480035	132	528	531	512	3	5	118	184	129	12	49.3	49.4	50.2	60	54.4	53.2	51.4
Arts and Academics Academy	481139	25	392	388	387	0	0	20	28	7	0	0	0	0	39	40.1	37.7	36.2
Asotin High School	480040	17	476	500	454	0	0	0	0	0	7	40.0	47.7	42.9	13	47.2	48.5	46.2
Auburn High School	480055	134	503	510	482	2	6	123	190	92	68	47.6	47.9	46.7	71	48.4	49.1	46.9
Auburn Mountainview High School	480044	121	533	537	511	6	13	202	291	190	49	49.1	52.0	47.5	102	49.3	52.7	48.2
Auburn Riverside High School	480046	193	514	528	500	8	22	289	411	219	54	48.9	50.1	46.6	86	50.4	52.4	48.3
Avanti High School	480827	3	0	0	0	0	0	3	3	0	0	0	0	0	8	57.3	53.0	51.8
Aviation High School	481071	71	586	590	568	13	31	118	246	151	4	0	0	0	93	52.7	53.8	48.5
B.E.S.T Alternative High School	480542	1	0	0	0	0	0	0	0	0	0	0	0	0	0	0	0	0
Bainbridge High School	481580	270	596	598	585	99	236	340	652	504	53	54.2	57.5	51.5	209	56.9	57.0	54.2
Ballard High School	481045	199	556	545	534	18	44	278	419	260	339	46.8	46.3	43.8	329	48.6	47.6	46.4
Barker High School	480451	1	0	0	0	0	0	0	0	0	0	0	0	0	0	0	0	0
Battle Ground High School	480060	116	532	526	497	1	3	82	115	82	38	46.8	50.9	45.3	86	48.3	51.0	46.0
Bayview School	480591	1	0	0	0	0	0	0	0	0	0	0	0	0	1	0	0	0
Bellevue Senior High School	480070	282	539	587	546	125	326	611	1294	747	74	50.7	54.7	48.9	312	49.2	51.6	47.3
Bellingham High School	480094	116	558	565	540	12	26	178	328	248	45	51.8	52.4	49.8	113	52.5	54.7	50.8
Bethel High School	481225	113	495	484	466	3	8	95	167	55	59	48.2	47.4	47.1	52	45.5	49.3	45.1
Bickleton High School	480090	8	465	536	429	0	0	8	12	5	2	0	0	0	6	39.5	49.8	40.0
Big Picture High School	480134	11	425	387	389	0	0	0	0	0	0	0	0	0	10	39.7	37.0	36.7
Black River High School	481138	1	0	0	0	0	0	0	0	0	0	0	0	0	0	0	0	0
Blaine High School	480095	54	566	544	524	3	9	108	184	105	10	54.7	57.0	49.8	78	50.4	50.8	46.0
Bonney Lake High School	480111	123	508	526	486	4	9	131	334	160	67	48.2	48.7	45.5	70	48.3	47.2	46.5
Bothell Senior High School	480100	257	532	556	520	19	43	161	231	191	4	0	0	0	273	51.0	54.3	49.0
Bremerton High School	480103	77	488	502	458	8	18	154	222	102	48	45.3	47.8	42.4	218	42.7	41.1	39.3
Brewster High School	480110	20	403	413	397	0	0	10	10	1	0	0	0	0	62	37.5	37.9	37.1
Bridgeport High School	480115	17	399	432	421	0	0	73	110	29	35	36.3	39.8	35.4	46	36.3	37.4	36.4
Burlington0Edison High School	480130	104	525	551	508	7	17	113	171	121	116	45.7	45.7	43.8	114	46.6	49.0	45.5
Cam High School	480056	28	588	546	569	1	3	0	0	0	23	54.9	50.3	52.9	19	59.3	53.1	57.6
Camas High School	480140	171	544	558	525	15	34	298	512	412	47	55.7	57.0	52.8	125	54.0	55.4	51.4
Capital High School	480829	200	545	553	531	23	55	1	7	0	43	52.7	52.0	51.2	136	55.4	56.0	52.0
Cascade High School	480605	42	555	525	523	3	8	7	7	0	2	0	0	0	28	49.9	47.3	46.6
Cascade Senior High School	480383	116	505	521	485	7	18	187	251	139	37	48.4	49.2	45.8	121	47.9	49.3	45.7
Cashmere High School	480155	44	463	475	452	1	3	1	1	0	3	0	0	0	21	44.3	45.3	41.3
Castle Rock High School	480160	34	493	499	465	0	0	19	23	5	33	39.8	41.3	38.9	28	43.7	44.0	43.5
Cedarcrest High School	480145	116	540	531	504	7	19	55	68	56	18	56.3	54.3	53.6	90	51.3	53.9	49.6
Center School	481060	34	580	514	521	2	4	23	37	22	60	51.2	45.3	46.4	52	50.9	43.8	46.6
Central Kitsap Alternative High School	481194	1	0	0	0	1	1	0	0	0	0	0	0	0	0	0	0	0
Central Kitsap High School	481195	213	553	566	525	37	89	482	1103	840	110	52.8	55.2	49.1	189	52.7	55.4	50.7
Central Valley High School	481483	171	539	546	521	9	18	216	409	314	69	53.4	55.6	52.3	183	52.3	53.1	50.0
Centralia High School	480170	50	541	517	511	3	8	23	26	13	4	0	0	0	32	49.2	49.1	44.6
Challenger High School	481224	6	475	430	448	0	0	0	0	0	0	0	0	0	0	0	0	0
Charles A. Lindbergh High School	480985	108	501	511	480	7	20	146	212	139	18	52.2	54.8	48.1	46	53.1	55.3	51.2
Charles F Adams High School	480205	74	503	508	464	1	3	19	20	12	152	41.7	42.5	38.0	66	47.0	51.0	44.3
Chelan High School	480180	46	497	501	478	0	0	43	45	24	3	0	0	0	29	49.3	51.6	44.7
Cheney High School	480185	95	516	530	500	1	3	46	62	48	78	48.3	50.9	45.7	54	50.1	51.1	49.6
Chief Sealth High School	481161	84	478	482	455	12	30	0	0	0	138	42.3	44.1	40.3	143	42.0	42.8	39.8
Chimacum High School	480195	38	543	538	510	2	6	25	30	26	6	51.5	49.2	52.3	18	50.8	50.2	47.2
Clallam Bay High School	480200	6	487	525	498	0	0	0	0	0	0	0	0	0	1	0	0	0
Cle Elum0Roslyn High School	480210	29	462	440	437	1	3	1	2	0	11	43.1	43.9	42.5	18	46.1	44.5	43.9
Cleveland High School	481055	46	404	427	403	1	3	37	58	10	172	34.6	36.1	33.7	127	35.4	37.8	34.9
Clover Park High School	481370	87	439	441	407	4	10	116	222	22	233	36.4	36.5	34.5	43	38.8	42.3	37.5
Colfax High School	480215	28	461	496	468	0	0	15	15	9	17	40.8	45.3	38.5	34	48.1	46.4	45.5
Collins High School	480123	1	0	0	0	0	0	0	0	0	0	0	0	0	0	0	0	0
Colton High School	480225	13	492	567	485	1	2	0	0	0	15	43.7	47.8	42.9	12	42.9	47.3	43.4
Columbia High School	480128	17	469	485	463	0	0	0	0	0	2	0	0	0	3	0	0	0
Columbia High School	480480	8	481	499	449	0	0	0	0	0	0	0	0	0	17	42.9	40.2	41.6
Columbia High School	481540	27	500	503	486	0	0	12	13	9	27	48.3	46.6	44.6	24	52.1	54.9	52.2
Columbia River High School	481460	156	542	546	530	14	39	35	55	39	58	55.2	54.4	51.6	117	54.1	54.9	51.6
Colville High School	480235	62	552	532	516	2	4	0	0	0	3	0	0	0	24	55.5	55.0	52.9
Compass High School	480441	1	0	0	0	0	0	0	0	0	0	0	0	0	0	0	0	0
Concrete High School	480240	8	535	530	514	0	0	1	1	0	8	48.5	44.4	46.5	13	48.7	46.4	44.3
Connell High School	480245	36	451	470	432	3	9	46	84	14	125	35.4	40.2	36.3	19	41.5	47.8	43.4
Contract Based Education	481236	3	0	0	0	0	0	0	0	0	0	0	0	0	0	0	0	0
Coupeville High School	480260	47	543	541	527	7	19	12	15	8	9	50.1	49.4	45.1	40	50.5	52.4	46.8
Crescent High School	480505	4	0	0	0	0	0	0	0	0	0	0	0	0	0	0	0	0
Creston High School	480270	6	462	497	455	0	0	0	0	0	11	44.3	43.8	42.7	9	42.4	40.6	40.1
Curlew High School	480275	11	545	485	501	0	0	30	37	13	13	43.9	46.5	44.5	16	44.3	41.6	41.8
Curtis Senior High School	481382	190	537	543	520	15	37	285	506	326	39	50.9	50.2	49.0	85	51.0	51.7	49.0
Cusick High School	480280	11	462	447	408	0	0	14	15	3	13	43.1	40.9	37.1	17	48.1	48.4	47.9
Darrington High School	480285	5	484	458	412	0	0	9	11	5	2	0	0	0	11	51.7	54.6	46.7
Davenport High School	480290	34	500	496	465	0	0	14	20	5	16	42.4	45.3	42.1	22	46.8	45.4	46.0
Dayton High School	480295	19	508	493	483	0	0	9	14	3	31	40.1	44.2	37.7	33	43.1	45.2	41.3
Decatur High School	480395	135	514	542	506	20	52	305	483	148	42	47.4	47.5	45.3	207	45.4	47.5	44.1
Deer Park High School	480300	45	511	517	489	0	0	0	0	0	0	0	0	0	19	44.4	48.7	43.4
Dwight D. Eisenhower High School	481603	120	476	475	460	4	11	96	163	67	15	44.8	48.3	45.5	125	43.9	45.6	43.4
E B Walker High School	480936	0	0	0	0	0	0	0	0	0	0	0	0	0	1	0	0	0
Eagle Harbor High School	480096	8	625	584	598	2	2	17	25	16	7	58.7	56.7	56.0	3	0	0	0
East Valley High School	480760	60	463	466	444	0	0	41	47	4	0	0	0	0	69	44.3	44.3	42.6
East Valley High School	481238	67	488	502	459	1	2	139	182	54	31	48.3	47.2	45.5	23	52.7	52.1	50.2
Eastlake High School	480548	300	549	559	548	55	129	193	270	229	23	52.6	52.7	51.9	379	52.3	52.6	50.1
Eastmont High School	480332	128	508	505	479	8	23	72	106	55	48	45.5	49.2	43.4	97	45.1	46.8	42.0
Easton High School	480315	1	0	0	0	0	0	0	0	0	5	27.8	33.0	34.2	0	0	0	0
Eatonville High School	480335	51	496	491	479	0	0	34	42	17	17	49.1	48.1	43.6	43	51.9	48.0	48.6
Edmonds Homeschool Resource Center	480657	8	583	549	541	0	0	5	5	3	2	0	0	0	2	0	0	0
Edmonds0Woodway High School	480344	231	540	545	537	50	119	102	108	62	57	54.0	55.4	52.8	187	54.7	55.7	51.9
Ellensburg High School	480350	86	532	532	514	5	13	82	117	83	19	58.5	53.4	52.6	75	48.7	48.7	46.6
Elma High School	480355	38	497	516	460	0	0	3	3	0	20	48.8	47.5	45.5	25	48.2	50.0	47.0
Emerald Ridge High School	481222	217	516	525	497	11	27	449	757	344	42	46.6	46.8	43.0	135	49.1	49.2	47.1
Entiat High School	480370	9	463	443	436	1	2	2	2	0	5	49.8	41.8	41.2	30	39.4	38.0	38.0
Enumclaw High School	480375	142	509	513	481	2	5	142	208	81	6	55.5	48.3	50.2	97	49.2	49.6	46.4
Ephrata Senior High School	480380	57	506	505	481	1	2	1	1	0	43	42.9	43.9	41.6	65	48.1	47.8	44.9
Everett Alternative High School	480390	1	0	0	0	0	0	2	3	0	0	0	0	0	2	0	0	0
Everett High School	480385	106	543	535	514	7	16	63	83	48	27	52.5	49.7	48.9	100	49.0	48.9	46.5
Evergreen High School	481465	105	495	505	480	0	0	145	230	127	12	47.8	47.5	43.7	29	47.7	47.7	46.8
Family Learning Center	480982	11	628	571	605	4	8	0	0	0	0	0	0	0	0	0	0	0
Federal Way High School	480397	136	472	482	454	10	23	221	324	51	19	50.9	49.4	49.5	240	42.7	43.7	40.6
Federal Way Public Academy	480406	1	0	0	0	0	0	0	0	0	32	54.3	54.6	49.8	0	0	0	0
Ferndale High School	480400	127	527	548	512	16	40	87	160	110	51	50.1	51.8	49.4	85	51.2	52.4	48.8
Fife Senior High School	481375	90	501	514	477	3	7	58	79	37	19	51.7	50.1	50.5	26	50.4	52.4	48.7
Forks High School	480405	19	503	502	494	1	3	16	16	3	17	49.5	48.4	45.7	14	44.6	44.7	43.4
Fort Vancouver High School	481470	76	473	465	454	4	11	53	85	33	37	41.2	40.6	38.8	67	42.4	43.2	41.1
Foster High School	481075	77	434	468	424	3	6	68	95	12	146	35.4	36.6	34.4	143	35.3	37.9	34.7
Franklin High School	481080	118	458	473	443	13	28	132	145	44	294	36.6	38.9	35.5	257	37.8	39.8	36.4
Franklin Pierce High School	481380	96	498	504	482	8	18	127	187	63	51	45.0	49.4	43.3	67	44.7	45.1	41.4
Freeman High School	480408	34	498	516	468	1	2	43	57	43	12	47.5	49.8	45.6	27	52.2	53.6	50.7
Friday Harbor High School	480410	61	537	527	513	12	25	105	168	105	50	44.6	46.4	42.4	56	49.2	53.6	48.4
Garfield High School	481115	271	592	587	577	137	353	568	1022	783	362	50.0	49.7	47.4	368	52.8	52.9	50.4
Garfield0Palouse High School	480870	24	495	483	483	0	0	0	0	0	16	46.7	45.7	45.3	21	51.7	50.0	49.0
Gates High School	481381	6	417	430	432	0	0	0	0	0	0	0	0	0	0	0	0	0
Gig Harbor High School	480421	223	535	532	516	20	47	218	346	209	14	55.8	52.0	54.7	152	53.8	52.0	51.4
Glacier Peak High School	481211	117	514	539	500	5	16	63	95	66	50	52.3	53.6	51.1	152	50.6	53.1	48.5
Glenwood High School	480425	4	0	0	0	0	0	1	1	0	0	0	0	0	5	44.8	50.0	48.8
Global Connections High School at Tyee Educational Com	481037	34	390	397	381	0	0	69	79	13	0	0	0	0	65	36.9	39.3	35.3
Goldendale High School	480430	17	503	521	502	1	3	6	6	1	0	0	0	0	72	41.2	43.1	37.7
Governor J. R. Rogers High School	480938	222	507	515	490	13	37	216	400	226	59	47.6	50.3	45.4	175	48.2	50.2	46.0
Graham0Kapowsin High School	480442	141	500	495	489	7	17	228	298	110	114	45.6	44.6	43.3	129	47.4	47.7	44.6
Grandview High School	480440	62	429	418	421	0	0	108	162	46	199	34.8	35.5	34.4	61	40.7	42.0	39.2
Granger High School	480445	15	459	439	449	1	1	32	32	1	63	36.6	37.1	35.9	85	33.6	35.7	32.7
Granite Falls High School	480450	31	544	534	508	2	5	60	68	33	9	55.0	55.2	52.2	49	50.3	51.5	47.4
Hanford High School	481002	176	551	561	528	23	64	187	318	230	25	56.0	59.8	53.7	103	55.0	57.8	53.4
Harbor High School	480001	0	0	0	0	0	0	0	0	0	0	0	0	0	4	0	0	0
Harrington High School	480460	5	436	444	416	0	0	0	0	0	3	0	0	0	9	47.1	53.3	48.6
Havermale High School	481240	5	522	484	470	0	0	0	0	0	1	0	0	0	25	42.8	37.5	38.7
Hayes Freedom High School	480146	4	0	0	0	0	0	0	0	0	0	0	0	0	1	0	0	0
Hazen High School	480987	112	531	555	513	12	25	117	208	139	40	50.3	53.3	48.5	107	49.8	52.9	46.7
Health Science and Human Services School	481149	41	449	476	449	8	19	8	9	4	77	35.5	38.1	34.0	59	38.7	39.8	38.1
Henderson B High School	480422	0	0	0	0	0	0	1	1	0	0	0	0	0	0	0	0	0
Henry Foss High School	481383	113	481	468	460	9	21	17	17	7	46	42.6	44.3	40.3	51	46.1	47.8	45.8
Henry M. Jackson High School	480711	280	529	547	522	33	74	246	347	230	93	49.9	50.3	49.1	163	51.3	52.4	50.7
Heritage High School	481492	127	478	490	463	5	9	326	475	152	55	41.9	42.8	41.0	99	45.8	47.3	43.1
High School Options	480088	0	0	0	0	0	0	0	0	0	3	0	0	0	2	0	0	0
Highland High School	480265	27	468	507	436	0	0	1	4	0	0	0	0	0	24	45.7	47.7	41.7
Highline High School	481090	134	453	451	442	3	8	92	133	39	2	0	0	0	197	41.7	43.5	40.1
Hockinson High School	480118	89	527	534	498	8	17	73	123	80	44	48.7	49.5	44.9	46	51.8	53.0	49.3
Home Link High School Diploma Program	480127	2	0	0	0	0	0	0	0	0	4	0	0	0	4	0	0	0
HomeConnection (Oak Harbor)	480808	0	0	0	0	0	0	0	0	0	8	46.6	50.0	47.4	8	50.1	53.3	46.9
Homeschool Resource Center	481103	5	620	600	606	3	8	0	0	0	1	0	0	0	0	0	0	0
Hoquiam High School	480475	44	485	467	475	0	0	61	90	15	21	45.1	45.6	42.6	39	46.4	46.7	44.7
Hudson's Bay High School	481475	47	529	509	495	1	2	60	98	26	101	40.8	40.4	38.5	46	47.7	47.0	44.7
Ilwaco High School	480485	22	481	492	472	0	0	31	43	18	21	48.6	49.2	43.8	23	49.0	51.9	47.3
Inchelium School	480490	0	0	0	0	0	0	10	10	0	10	40.8	41.7	41.2	7	32.4	35.1	33.9
Inglemoor High School	480101	344	565	594	558	74	188	238	331	167	6	58.7	65.7	59.2	375	54.6	56.7	51.5
Ingraham High School	481112	104	508	524	491	14	37	2	2	0	155	44.3	44.6	42.0	153	44.9	46.1	43.3
Insight School of Washington	480129	30	552	507	529	2	6	0	0	0	3	0	0	0	13	59.2	48.7	53.8
Interagency Academy	481089	0	0	0	0	0	0	0	0	0	29	32.4	31.6	30.7	19	30.8	32.4	33.1
Interlake High School	480069	181	583	594	563	66	190	597	1198	909	56	54.4	56.9	53.6	310	53.4	53.4	50.4
International Community School	480552	50	662	663	682	26	71	102	269	238	36	56.6	60.0	57.9	47	64.8	64.3	61.6
International School	480068	59	630	647	616	25	70	194	458	334	34	56.7	58.0	56.0	68	61.5	62.1	57.7
Internet Academy	480402	2	0	0	0	0	0	0	0	0	0	0	0	0	0	0	0	0
Issaquah High School	480500	348	574	592	567	76	198	353	617	502	330	49.3	50.7	46.5	379	53.1	53.3	50.3
Jenkins High School	480190	40	519	504	490	0	0	36	60	24	2	0	0	0	34	47.5	45.8	45.3
Joel E. Ferris High School	481258	158	529	536	508	5	12	251	466	282	85	50.9	49.0	48.3	186	49.2	48.4	46.8
John R. Rogers High School	481260	90	461	469	431	1	3	207	327	104	23	43.7	43.3	42.8	142	42.3	42.9	40.0
Juanita High School	480543	186	549	569	533	28	74	122	181	134	140	51.8	52.9	49.8	141	55.0	56.9	52.5
Kahlotus High School	480510	3	0	0	0	1	3	1	1	0	2	0	0	0	6	43.7	44.7	42.2
Kalama Senior High School	480515	26	470	494	470	0	0	18	22	10	20	44.1	42.8	42.8	17	45.8	45.2	41.7
Kamiak High School	480758	297	558	587	552	62	153	455	793	596	73	53.6	57.5	52.2	278	52.3	55.0	50.6
Kamiakin High School	480524	171	540	569	521	12	35	251	472	344	392	41.7	44.5	40.8	319	44.0	46.8	42.1
Kaplan Academy of Washington	481331	3	0	0	0	0	0	0	0	0	0	0	0	0	2	0	0	0
Kelso High School	480520	103	504	501	495	3	7	73	92	62	18	54.3	51.2	51.3	48	48.1	48.0	44.5
Kennewick High School	480525	93	454	490	442	3	11	2	2	0	32	48.1	49.6	46.6	85	48.5	50.9	45.8
Kent Mountain View Academy	480309	5	556	562	548	0	0	0	0	0	0	0	0	0	1	0	0	0
Kent Phoenix Academy	480528	4	0	0	0	0	0	0	0	0	0	0	0	0	1	0	0	0
Kentlake High School	480549	155	532	548	510	12	28	114	196	154	31	53.3	55.0	48.9	71	50.1	52.7	48.4
Kent0Meridian High School	480535	114	468	493	450	6	13	34	35	18	51	48.0	49.6	44.5	93	49.2	51.6	45.8
Kentridge Senior High School	480536	305	535	569	524	34	81	274	434	341	34	45.6	48.1	42.2	227	49.7	54.4	47.6
Kentwood Senior High School	480539	256	522	539	501	19	52	317	544	374	84	47.2	50.3	45.3	129	51.7	55.3	49.5
Kettle Falls High School	480540	23	464	495	471	0	0	0	0	0	30	40.8	42.7	38.9	2	0	0	0
Kingston High School	480554	82	542	525	529	10	24	145	241	114	23	54.1	48.9	48.8	69	53.1	53.2	48.8
Kiona0Benton High School	480085	16	505	497	484	0	0	21	26	6	98	38.0	42.7	35.5	27	41.4	45.8	40.6
Kittitas High School	480550	21	493	500	462	0	0	0	0	0	36	42.3	44.8	41.6	1	0	0	0
Klahowya Secondary School	481196	58	531	537	512	2	5	128	215	101	13	52.3	49.8	47.3	73	49.0	49.7	46.3
Klickitat High School	480560	5	480	494	432	0	0	2	4	0	4	0	0	0	8	37.0	46.8	37.6
La Center High School	480565	40	516	517	494	1	2	25	35	27	17	50.4	49.3	46.4	35	50.5	49.0	45.9
La Conner High School	480575	29	513	536	521	3	7	4	4	0	21	47.5	47.9	44.5	25	50.4	50.7	46.8
La Crosse High School	480580	4	0	0	0	0	0	8	8	0	2	0	0	0	3	0	0	0
Lake Quinault High School	480022	5	486	472	464	0	0	0	0	0	2	0	0	0	2	0	0	0
Lake Roosevelt High School	480255	28	455	455	449	0	0	0	0	0	0	0	0	0	15	41.1	38.7	41.8
Lake Stevens High School	480585	171	532	531	523	27	64	260	367	240	19	49.9	53.2	48.3	118	50.3	51.5	48.4
Lake Washington High School	480545	209	550	558	544	39	89	140	228	173	54	50.8	51.1	48.4	119	55.1	54.8	52.9
Lakes High School	480588	138	501	496	475	9	24	173	287	117	322	39.4	40.1	37.3	41	52.0	51.5	48.3
Lakeside High School	480798	75	499	494	470	3	6	43	49	21	35	46.5	46.2	44.5	75	47.3	48.9	45.3
Lakewood High School	480586	68	525	551	502	1	3	0	0	0	20	49.5	52.5	48.2	39	50.5	51.9	49.6
Legacy High School	481491	0	0	0	0	0	0	0	0	0	0	0	0	0	3	0	0	0
Lewis and Clark High School	481265	247	550	536	529	30	81	353	686	510	97	53.4	52.3	52.0	240	52.1	51.0	50.2
Lewis and Clark High School	481478	6	452	473	448	0	0	0	0	0	0	0	0	0	0	0	0	0
Liberty Bell High School	481445	24	543	536	510	3	6	25	26	18	21	46.2	47.2	44.2	25	48.6	50.6	47.8
Liberty High School	480502	170	551	560	537	16	41	154	235	181	165	48.9	50.6	46.2	247	48.2	50.7	46.3
Liberty High School	481230	13	467	495	468	0	0	11	18	1	6	47.0	50.2	46.3	13	45.5	53.9	44.4
Lincoln High School	481385	77	431	442	411	1	2	91	95	15	2	0	0	0	95	39.4	40.2	36.7
Lind High School	480620	5	464	530	524	0	0	4	6	0	6	53.0	50.5	49.5	9	45.3	42.3	42.0
Lopez High School	480630	15	541	521	511	4	11	5	5	3	17	46.7	45.8	43.3	12	55.3	54.2	53.3
Lyle High School	480635	2	0	0	0	0	0	2	3	0	1	0	0	0	8	46.8	49.3	41.5
Lynden High School	480647	65	517	526	478	0	0	29	45	29	17	52.6	53.4	48.0	49	48.7	52.5	46.3
Lynnwood High School	480649	104	473	515	456	2	4	168	207	121	18	50.4	54.3	47.1	90	46.4	49.9	43.5
Mabton High School	480650	41	350	385	355	0	0	34	34	0	61	35.6	35.8	33.2	7	37.7	35.9	34.0
Mansfield High School	480655	0	0	0	0	0	0	0	0	0	6	49.0	47.8	42.0	15	42.9	51.9	39.9
Manson High School	480660	22	422	452	421	0	0	37	47	20	51	39.4	41.6	37.0	30	34.9	39.2	35.5
Mariner High School	480387	185	455	476	446	6	14	173	276	95	26	43.2	46.7	41.7	105	44.5	48.3	45.0
Mark Morris High School	480623	105	488	513	462	4	12	21	33	23	5	48.0	45.8	39.6	43	52.8	53.8	48.1
Mary M. Knight High School	480360	5	438	410	420	0	0	0	0	0	0	0	0	0	0	0	0	0
Mary Walker High School	481310	19	472	468	453	0	0	23	28	9	35	39.4	36.4	35.8	30	40.0	40.8	39.0
Marysville Arts & Technology High School	480684	14	559	510	533	0	0	1	2	0	1	0	0	0	7	48.7	46.4	48.4
Marysville Mountain View High School	480674	1	0	0	0	0	0	0	0	0	0	0	0	0	6	39.5	40.2	39.0
Marysville0Pilchuck High School	480682	158	522	518	500	1	3	116	157	75	10	46.7	52.9	41.8	121	47.2	46.0	44.4
Mead Education Partnership Prg	480686	6	473	518	452	0	0	0	0	0	0	0	0	0	0	0	0	0
Mead Senior High School	480685	229	512	528	493	11	30	309	540	344	85	49.4	47.6	46.1	267	50.0	50.6	47.9
Meadowdale Senior High School	480342	147	540	551	526	18	44	233	360	217	24	49.2	54.4	46.6	135	51.9	52.3	50.1
Medical Lake High School	480690	72	512	514	475	2	5	43	66	36	12	48.4	46.5	43.1	18	49.1	52.9	47.3
Mercer Island High School	480698	281	593	626	582	113	301	262	470	373	19	56.8	59.6	55.5	233	57.6	62.5	56.9
Meridian High School	480080	35	549	556	540	1	2	46	77	50	13	45.2	45.2	42.8	13	51.2	55.9	49.4
Middle College High School	481126	13	491	438	478	1	3	0	0	0	11	38.7	34.8	30.7	28	37.5	36.6	35.1
Monroe High School	480725	132	518	541	505	8	18	70	104	63	6	53.2	51.5	46.8	72	52.2	54.3	49.0
Montesano Junior0Senior High School	480730	35	479	506	473	1	2	4	8	0	13	47.1	49.5	43.2	23	51.6	54.3	49.0
Morton Junior0Senior High School	480735	7	544	496	519	0	0	3	3	0	8	42.0	42.4	40.6	4	0	0	0
Moses Lake Senior High School	480740	97	505	521	486	1	1	129	222	124	41	49.1	49.8	46.0	68	48.3	50.9	46.5
Mossyrock High School	480745	18	515	498	522	0	0	0	0	0	0	0	0	0	33	47.0	49.7	46.0
Mount Baker Senior High School	480305	64	519	528	496	3	7	8	8	5	76	45.4	46.0	42.7	81	49.0	50.4	49.2
Mount Rainier High School	480538	169	508	510	498	27	70	0	0	0	51	43.2	41.8	37.6	272	45.3	47.7	43.0
Mount Si High School	480797	186	553	556	545	15	36	221	305	213	50	51.8	52.3	49.9	257	49.2	48.6	47.0
Mount Spokane High School	480687	109	544	549	527	0	0	234	420	267	120	49.4	49.6	47.2	282	46.2	48.5	43.7
Mount Tahoma High School	481388	109	467	455	448	3	9	174	247	77	21	46.2	45.0	43.1	113	42.6	43.0	40.6
Mount Vernon High School	480750	124	503	515	487	9	22	138	221	125	89	43.7	45.2	42.8	136	46.0	46.9	43.2
Mountain View High School	481477	134	566	578	550	30	68	372	743	621	44	54.9	56.0	52.4	131	54.3	54.4	51.1
Mountlake Terrace High School	480343	149	502	525	491	10	21	227	319	130	21	50.0	51.6	49.2	179	47.5	48.3	45.1
Naches Valley High School	480770	43	474	474	470	0	0	1	2	0	9	52.2	48.6	46.2	39	50.4	49.5	48.0
Napavine Junior0Senior High School	480775	14	482	506	456	0	0	8	10	1	4	0	0	0	16	45.6	52.0	42.9
Naselle0Grays River Valley High School	480780	10	532	594	498	1	1	1	1	0	13	49.8	51.8	48.1	16	51.5	52.4	48.1
Nathan Hale High School	481128	140	575	562	546	25	64	157	281	164	239	45.2	44.0	43.1	239	50.1	50.4	47.2
Neah Bay High School	480785	11	419	481	415	0	0	5	5	3	8	40.4	42.1	37.9	10	48.2	47.5	46.3
New Horizons Alternative High School	480877	7	389	310	339	0	0	0	0	0	0	0	0	0	0	0	0	0
New Market Skills Center	481442	1	0	0	0	0	0	23	23	15	1	0	0	0	3	0	0	0
New Start at Salmon Creek Program	481147	0	0	0	0	0	0	0	0	0	0	0	0	0	1	0	0	0
Newport High School	480071	365	571	610	569	123	328	899	2149	1609	89	56.3	59.0	53.7	379	54.0	57.0	52.1
Newport High School	480795	29	494	501	475	1	2	0	0	0	12	51.9	51.3	47.8	9	47.8	50.6	43.9
Nooksack Valley High School	480796	41	513	513	502	1	3	46	61	23	17	46.9	49.6	44.6	55	48.6	50.6	46.2
North Beach High School	480715	14	496	497	453	0	0	14	15	2	5	50.4	49.0	44.8	10	44.5	45.7	39.0
North Central High School	481275	131	482	487	462	2	5	287	564	223	99	44.9	42.4	43.1	227	45.2	44.9	42.8
North Kitsap High School	480920	144	543	559	522	10	28	209	288	178	48	49.0	50.8	47.5	79	52.1	52.3	49.6
North Mason High School	480063	49	494	506	480	0	0	43	53	20	56	45.3	45.9	44.6	71	46.4	47.2	43.9
North River High School	480120	2	0	0	0	0	0	1	2	0	0	0	0	0	4	0	0	0
North Thurston High School	480570	125	524	524	505	7	16	155	234	129	20	50.0	54.9	48.5	86	51.4	54.3	50.1
Northport High School	480800	1	0	0	0	0	0	19	23	2	7	38.7	41.9	36.4	8	33.5	44.1	35.4
Nova High School	481129	30	593	517	534	4	10	1	1	0	33	57.4	46.2	50.9	25	55.9	48.3	52.1
Oak Harbor High School	480810	126	498	510	488	9	20	167	297	119	45	48.0	49.2	45.6	130	49.1	50.0	46.9
Oakesdale High School	480805	6	475	572	477	1	2	3	3	0	6	46.2	48.5	42.3	4	0	0	0
Oakville High School	480815	0	0	0	0	0	0	0	0	0	0	0	0	0	2	0	0	0
Ocosta Junior0Senior High School	481537	13	508	514	478	0	0	16	16	2	17	46.1	51.4	42.9	10	45.4	50.0	40.8
Odessa High School	480820	12	492	511	488	0	0	0	0	0	12	43.5	44.5	44.1	1	0	0	0
Odyssey Essential School at Tyee Educational Complex	481036	13	362	388	347	0	0	0	0	0	11	33.4	34.4	29.0	29	34.9	36.9	34.7
Okanogan High School	480825	27	456	467	462	0	0	17	18	2	0	0	0	0	44	43.9	44.5	43.1
Olympia High School	480835	237	585	585	562	73	186	391	651	502	81	57.6	57.9	53.9	201	53.2	54.8	51.0
Olympia Regional Learning Academy	480838	5	540	490	526	2	4	1	1	0	3	0	0	0	5	49.6	46.4	48.6
Olympic High School	481197	121	499	511	472	3	8	154	244	140	57	46.6	50.0	44.3	81	48.1	51.2	46.7
Omak Senior High School	480840	35	493	507	490	1	6	24	26	14	2	0	0	0	50	45.6	43.1	42.7
Onalaska High School	480845	8	490	493	480	0	0	14	20	8	0	0	0	0	18	46.9	51.2	45.1
Orcas Island High School	480320	19	573	560	571	3	11	29	32	20	0	0	0	0	39	52.3	48.0	50.5
Oroville High School	480850	15	469	462	461	1	3	0	0	0	53	39.9	39.2	37.5	0	0	0	0
Orting High School	480855	31	523	500	505	0	0	29	36	5	21	46.7	50.6	44.8	120	43.0	44.0	40.0
Othello High School	480860	50	436	469	435	1	3	70	86	23	29	44.3	47.1	41.8	89	43.0	46.0	40.2
Pasco High School	480875	156	460	466	448	3	7	340	503	97	59	36.3	40.2	36.2	41	40.7	43.3	41.3
Pateros High School	480880	15	495	447	455	4	12	23	23	5	5	43.4	47.6	40.4	13	45.2	51.4	48.1
Pe Ell High School	480885	6	502	507	488	0	0	0	0	0	0	0	0	0	21	40.7	40.8	38.4
Peninsula High School	480420	140	517	514	495	5	15	244	369	229	97	47.7	46.4	45.0	140	49.1	46.6	46.9
Phoenix High School	480519	4	0	0	0	1	2	0	0	0	0	0	0	0	0	0	0	0
Pomeroy High School	480895	13	502	504	485	0	0	0	0	0	0	0	0	0	7	45.1	44.7	40.7
Port Angeles High School	480900	81	556	552	540	9	23	65	96	64	115	48.6	49.4	45.0	128	48.5	48.9	45.9
Port Townsend High School	480915	43	571	562	551	10	24	37	46	24	3	0	0	0	31	56.8	53.1	52.7
Prairie High School	481476	109	518	540	493	3	5	68	97	84	32	48.3	48.5	45.5	84	51.0	52.5	48.4
Prescott High School	480925	2	0	0	0	0	0	0	0	0	6	40.2	41.0	35.2	12	37.3	38.3	35.9
Prosser Senior High School	480930	65	467	490	457	0	0	81	106	62	59	45.7	47.4	43.6	68	48.4	50.4	45.1
Pullman High School	480935	95	575	604	558	26	68	88	144	104	64	54.3	55.9	50.9	92	55.5	57.9	53.5
Puyallup Senior High School	480940	181	519	524	496	10	26	130	206	129	23	45.2	46.3	46.5	75	51.1	49.7	48.5
Quilcene High School	480945	7	540	467	497	0	0	0	0	0	1	0	0	0	6	55.0	49.7	48.8
Quincy High School	480955	14	459	464	436	1	3	2	2	0	0	0	0	0	56	44.6	46.8	42.6
Rainier Beach High School	481137	52	391	408	385	4	7	34	78	11	78	31.0	32.6	31.4	80	33.4	35.7	33.2
Rainier High School	480960	28	507	494	478	2	5	24	52	28	5	47.8	45.2	43.6	29	49.4	47.3	46.7
Raymond High School	480970	17	486	475	509	1	3	5	5	1	33	38.9	38.1	37.2	1	0	0	0
Reardan High School	480975	23	516	510	495	1	3	0	0	0	2	0	0	0	17	45.4	47.1	44.4
Redmond High School	480978	282	568	587	563	49	147	358	579	515	331	51.9	52.7	49.7	330	54.0	54.5	51.2
Renton High School	480990	107	450	448	433	4	9	81	122	32	20	44.6	48.3	40.4	163	41.5	42.1	38.4
Republic High School	480995	11	469	514	449	0	0	9	9	3	27	40.6	38.7	42.2	23	44.7	43.2	43.0
Richland High School	481000	166	523	542	497	13	32	192	289	211	45	50.6	54.9	49.0	88	55.3	58.0	52.5
Ridgefield High School	481005	67	520	529	498	4	8	46	62	23	23	48.3	50.2	46.3	26	48.5	49.8	45.0
Ritzville High School	481010	9	484	468	434	0	0	0	0	0	0	0	0	0	17	46.8	46.7	42.5
River Homelink	480097	11	584	555	546	0	0	0	0	0	2	0	0	0	7	54.4	52.0	52.6
River Ridge High School	480574	97	501	510	480	2	5	136	201	74	36	42.8	43.7	41.3	64	47.8	48.4	44.7
River View High School	480530	19	413	429	393	0	0	3	3	0	64	35.5	38.2	33.5	65	37.6	42.2	34.5
Riverside High School	480705	41	500	547	475	2	5	36	56	17	0	0	0	0	58	48.8	50.1	45.3
Robert A. Long High School	480625	52	473	504	465	1	2	13	14	4	7	46.7	47.9	45.9	32	51.0	50.5	48.1
Robinswood Middle High School	480074	2	0	0	0	0	0	0	0	0	0	0	0	0	23	36.3	40.6	34.6
Rochester High School	481020	25	524	506	490	1	2	4	5	0	3	0	0	0	20	48.7	46.0	48.0
Roosevelt High School	481140	235	584	583	575	97	244	603	916	622	318	49.7	48.6	47.7	348	53.1	53.5	51.7
Rosalia High School	481030	8	511	534	495	0	0	0	0	0	0	0	0	0	18	42.3	45.7	39.7
Royal High School	481033	32	476	493	459	0	0	28	35	3	0	0	0	0	26	43.7	47.5	41.2
Saint John/Endicott High School	481035	17	486	502	469	0	0	10	10	3	2	0	0	0	3	0	0	0
Sammamish High School	480072	148	549	555	530	28	76	447	1011	370	30	46.7	50.1	45.6	215	43.2	45.7	42.9
Sartori Education Center	480989	2	0	0	0	0	0	0	0	0	0	0	0	0	0	0	0	0
Sea Tac Occupational Skills Center	480131	1	0	0	0	0	0	5	5	3	0	0	0	0	0	0	0	0
Sedro Woolley High School	481175	86	488	508	462	8	21	94	143	50	67	46.9	49.7	45.1	60	49.0	50.7	46.9
Sehome High School	480083	132	573	575	555	19	54	224	379	264	50	55.5	53.9	50.8	120	55.1	56.1	51.3
Selah High School	481180	83	500	520	476	3	9	55	70	35	0	0	0	0	49	46.0	49.0	43.9
Selkirk Junior0Senior High School	480495	9	476	484	460	0	0	24	24	5	24	41.3	42.6	41.5	16	43.3	43.9	41.6
Sequim High School	481185	77	539	537	514	12	30	94	124	70	6	55.3	57.2	53.3	48	52.5	52.9	50.2
Shadle Park High School	481282	100	521	532	496	2	6	103	213	130	1	0	0	0	198	47.0	46.6	42.6
Shelton High School	481190	56	525	516	528	4	8	2	4	0	0	0	0	0	132	44.0	44.7	41.9
Shorecrest High School	481163	199	545	547	528	37	95	276	432	302	6	57.8	52.8	51.2	176	53.0	50.8	49.7
Shorewood High School	481166	245	554	563	539	46	106	285	522	355	50	53.4	54.6	49.8	196	54.0	54.4	51.5
Sky Valley Educationa Center	480726	9	608	538	532	1	3	0	0	0	4	0	0	0	24	55.8	49.5	53.3
Skykomish High School	481205	4	0	0	0	0	0	0	0	0	2	0	0	0	6	42.7	39.0	41.5
Skyline High School	480501	353	570	587	565	81	199	20	22	13	364	50.4	50.9	47.4	352	54.1	56.2	50.9
Skyview High School	481489	165	527	535	509	10	22	230	460	289	47	50.2	50.5	49.0	149	51.2	52.3	48.7
Snohomish Senior High School	481210	123	550	538	525	5	10	85	137	92	27	52.7	50.8	49.5	121	50.1	49.4	46.7
Soap Lake High School	481212	7	423	411	436	0	0	0	0	0	22	37.7	39.0	34.1	17	40.6	44.6	39.9
South Bend High School	481220	17	476	481	472	0	0	0	0	0	22	42.8	45.0	41.5	19	47.0	49.5	44.9
South Kitsap High School	480910	229	533	529	511	13	34	177	292	177	76	47.4	49.5	45.4	156	49.0	50.1	46.9
South Lake High School	481134	0	0	0	0	0	0	0	0	0	25	35.2	34.0	32.1	6	30.5	30.8	32.3
South Sound High School	480567	3	0	0	0	0	0	0	0	0	0	0	0	0	0	0	0	0
South Whidbey High School	480595	74	523	526	499	6	13	67	73	46	18	54.3	52.1	51.0	32	49.0	47.3	45.4
Southridge High School	480531	118	526	552	511	4	10	207	315	151	36	46.7	50.6	44.2	63	48.4	51.9	46.7
Spanaway Lake High School	481227	84	465	470	449	2	4	174	232	64	47	47.5	48.3	45.4	40	49.0	49.5	46.9
Spokane Valley High School	481296	3	0	0	0	0	0	0	0	0	0	0	0	0	31	39.4	37.3	36.0
Squalicum High School	480091	130	556	548	531	13	37	244	411	230	3	0	0	0	239	46.5	46.9	43.8
Stadium High School	481395	200	538	521	523	24	64	140	265	196	39	51.2	52.2	49.0	151	52.1	52.3	50.2
Stanwood High School	481315	151	538	547	505	15	44	153	281	184	22	52.7	56.6	50.4	64	48.8	51.7	45.9
Steilacoom Senior High School	481325	98	498	503	479	5	12	50	76	44	24	49.1	50.1	48.0	62	48.6	47.9	45.8
Stevenson High School	481330	28	511	501	478	0	0	7	7	4	8	47.4	50.9	43.3	35	46.6	49.4	43.3
Stillaguamish Valley School	480036	1	0	0	0	0	0	0	0	0	0	0	0	0	1	0	0	0
Sultan Senior High School	481335	51	513	534	488	3	9	12	12	4	8	50.1	46.8	47.1	46	48.0	47.9	44.7
Summit View High School	480059	3	0	0	0	0	0	0	0	0	0	0	0	0	0	0	0	0
Sumner High School	481345	127	522	508	497	4	12	0	0	0	29	48.5	49.6	46.2	105	51.4	50.3	48.5
Sunnyside Senior High School	481350	89	439	448	419	2	6	121	210	33	294	34.0	35.5	33.9	19	46.1	44.8	43.3
Tacoma School of The Arts	481399	56	559	484	533	2	5	0	0	0	30	52.4	49.6	48.6	100	53.6	49.8	50.4
Tahoma Senior High School	480665	200	534	549	520	10	20	364	646	434	87	50.8	51.1	47.0	147	52.6	55.0	50.3
Technology Access Foundation Academy at Federal Way	480559	0	0	0	0	0	0	0	0	0	22	42.7	37.0	40.0	0	0	0	0
Technology Engineering and Communications School	481141	22	450	467	425	0	0	42	60	7	0	0	0	0	65	38.0	40.6	35.0
Tekoa High School	481405	7	537	506	480	0	0	14	14	5	0	0	0	0	15	49.9	50.5	49.5
Tenino High School	481410	18	498	492	466	0	0	4	5	0	0	0	0	0	44	50.3	48.5	45.8
Thomas Jefferson High School	480058	245	531	562	528	51	142	124	152	75	102	44.9	49.7	42.8	189	49.9	53.3	47.6
Thorp High School	481415	0	0	0	0	0	0	0	0	0	5	39.8	40.2	41.4	1	0	0	0
Tiger Mountain Community High School	480503	3	0	0	0	0	0	0	0	0	4	0	0	0	8	34.3	35.8	31.9
Timberline High School	480572	141	510	499	493	6	16	267	448	235	69	48.0	48.0	45.2	125	49.1	49.4	48.3
Todd Beamer High School	480401	181	493	513	491	18	52	244	434	128	19	47.5	48.8	45.2	262	40.3	43.9	39.6
Toledo High School	481420	17	492	472	448	2	5	13	13	0	11	42.9	42.6	36.4	20	46.2	46.0	41.8
Tonasket High School	481425	24	473	471	434	0	0	22	24	4	10	44.9	46.2	41.3	13	48.5	51.8	46.8
Toppenish High School	481430	42	422	446	406	1	2	22	22	0	99	34.8	37.4	34.0	66	38.0	38.6	36.5
Touchet High School	481435	11	419	470	413	0	0	4	4	0	0	0	0	0	26	43.5	43.3	40.7
Toutle Lake High School	481438	16	529	497	506	0	0	4	4	0	2	0	0	0	11	50.4	52.4	49.6
Trout Lake High School	481440	7	487	550	496	1	3	9	11	8	7	50.4	50.7	47.1	9	50.3	55.0	49.7
Tumwater High School	481443	90	522	528	503	2	7	148	196	92	4	0	0	0	57	52.8	52.2	49.7
Two Rivers School	480803	1	0	0	0	0	0	0	0	0	0	0	0	0	0	0	0	0
Union High School	480139	150	516	537	499	21	48	424	779	572	30	51.8	56.8	49.9	93	53.0	57.3	51.5
University High School	481297	131	521	534	498	1	3	133	219	141	63	49.1	50.0	45.7	69	49.2	51.1	47.6
Vancouver School for Arts and Academics	481480	32	583	545	568	3	6	37	72	49	19	52.9	50.3	47.6	43	54.1	51.1	51.7
Vashon Island High School	480135	91	570	578	559	13	27	15	21	15	46	52.8	51.6	46.2	89	56.2	53.1	52.0
W. F. West High School	480175	73	517	521	504	2	6	46	53	18	18	50.7	56.1	47.5	44	49.6	50.8	45.8
Wahkiakum High School	480165	18	466	476	468	1	2	2	2	0	1	0	0	0	18	43.9	44.2	43.4
Wahluke High School	480783	22	400	431	397	0	0	31	49	16	2	0	0	0	25	39.3	39.5	37.8
Waitsburg High School	481485	3	0	0	0	0	0	6	8	1	0	0	0	0	14	48.6	49.7	42.9
Walla Walla High School	481503	140	522	517	492	3	6	223	381	239	42	53.4	53.3	50.7	134	49.0	49.8	46.6
Wapato Senior High School	481505	54	419	430	405	0	0	53	70	29	166	31.7	34.1	32.4	33	41.5	42.0	38.0
Warden High School	481510	22	419	447	403	1	4	11	11	10	10	43.2	49.1	43.9	45	36.0	38.7	34.6
Washington High School	481402	63	477	497	456	2	6	122	187	54	47	42.0	44.0	39.4	74	43.5	44.5	41.1
Washington State School for the Blind	481482	2	0	0	0	0	0	4	4	0	0	0	0	0	0	0	0	0
Washougal High School	481515	60	510	508	483	0	0	72	106	54	169	43.5	44.3	40.1	47	50.1	52.3	49.9
Washtucna High School	481520	3	0	0	0	0	0	3	3	0	5	43.4	42.4	40.4	0	0	0	0
Waterville Junior0Senior High School	481525	12	554	519	524	1	2	7	7	3	25	38.5	41.3	38.6	16	37.8	38.4	38.9
Weatherwax (Aberdeen) High School	480000	54	527	540	494	4	8	16	18	5	6	49.5	49.8	50.3	30	46.4	47.9	44.0
Wellpinit School	481530	7	404	460	413	0	0	13	20	0	5	41.6	45.0	38.2	7	36.9	42.3	38.6
Wenatchee High School	481535	178	521	530	502	14	33	171	270	175	10	57.2	56.3	51.7	80	50.1	51.8	48.0
West Seattle High School	481165	158	478	488	458	7	15	133	234	75	212	40.1	39.0	37.7	194	43.2	42.9	40.4
West Valley High School	480710	89	482	510	462	2	4	84	99	46	12	50.8	52.8	48.9	120	45.4	48.0	43.6
West Valley High School	481625	130	516	504	491	5	14	42	50	25	0	0	0	0	69	50.0	50.5	47.2
Whidbey Island Academy Shared School	480596	1	0	0	0	0	0	0	0	0	0	0	0	0	0	0	0	0
White Pass Jr/Sr High School	480965	9	489	496	464	1	3	23	30	11	10	47.6	47.5	41.1	25	46.5	44.6	40.6
White River High School	480125	90	515	517	483	2	5	194	287	122	53	42.7	42.5	39.4	241	42.7	43.9	40.1
White Swan High School	481550	9	398	439	411	0	0	0	0	0	16	39.3	39.6	35.4	24	33.9	38.8	35.0
Wilbur High School	481555	11	461	459	452	0	0	0	0	0	7	45.7	44.0	44.7	0	0	0	0
Willapa Valley High School	480695	13	444	436	454	0	0	0	0	0	0	0	0	0	21	42.9	41.6	41.0
Wilson Creek High School	481560	5	458	424	388	0	0	1	2	0	5	37.6	38.6	39.2	8	51.9	46.0	48.3
Winlock High School	481575	8	450	483	466	1	3	0	0	0	0	0	0	0	16	49.3	49.3	47.4
Wishkah Valley High School	480010	7	503	453	499	0	0	0	0	0	4	0	0	0	4	0	0	0
Wishram High School	481590	1	0	0	0	0	0	0	0	0	2	0	0	0	0	0	0	0
Woodinville High School	481598	279	560	575	540	30	81	349	604	441	89	52.1	52.5	49.8	192	53.7	54.4	51.5
Woodland High School	481600	45	522	534	494	1	2	39	60	21	40	45.0	46.5	40.9	54	46.7	48.7	44.7
Woodrow Wilson High School	481403	84	487	497	475	6	15	75	130	69	25	49.1	49.2	47.4	28	46.8	49.8	44.8
Yakima Online	481618	5	476	464	484	0	0	0	0	0	1	0	0	0	2	0	0	0
Yelm High School	481630	122	497	500	471	3	11	150	200	88	40	46.6	46.4	42.8	66	45.9	45.5	43.5
Zillah High School	481635	10	529	542	500	0	0	0	0	0	101	38.3	40.4	36.8	7	55.1	54.1	51.0 